(4610302159472351,3)
(2458009688600224,3)
(8622473327971234,3)
(6829065172827334,3)
(613278945544784,3)
(8251001685030399,3)
(05957368064511431,2)
(297969649501611,2)
(6253318337513543,2)
(9718088504482397,2)
(5928217707512564,2)
(8652731264813723,2)
(3273265404108937,2)
(9441949621471399,2)
(403703611941057,2)
(19503390568077655,2)
(1386740092204638,2)
(45248739571634067,2)
(6877255052673667,2)
(3001088989501083,2)
(11307299070304044,2)
(5288719084826882,2)
(35326915015254623,2)
(7623575592232059,2)
(5065348817758664,1)
(5724358555115511,1)
(9316964784730177,1)
(28736652697085996,1)
(13449134249273908,1)
(9805990034717418,1)
(5756425149058846,1)
(3426205013386088,1)
(878608795533187,1)
(2187261559920859,1)
(635678311983565,1)
(6593880595196636,1)
(6254728455093788,1)
(06310865275951582,1)
(11619601689041736,1)
(9439833832257956,1)
(3773787092917418,1)
(692055948966408,1)
(037875591288293486,1)
(6977093958100378,1)
(19648082248086285,1)
(02499233704651671,1)
(2750884570947366,1)
(4237158928609628,1)
(7158334841426035,1)
(8599661366511608,1)
(2640864152028786,1)
(41124730750911864,1)
(17178535729595612,1)
(5699764523063597,1)
(43099398276840317,1)
(39450884515662626,1)
(5951434971419388,1)
(07340373992318644,1)
(2911052519889569,1)
(03818150758558614,1)
(9367101339097463,1)
(7653859133383288,1)
(07173704390696672,1)
(497633201077464,1)
(03303509142379624,1)
(9463969802884401,1)
(82717383299748,1)
(2365211052400556,1)
(03941013097456103,1)
(9537767959306596,1)
(47216361801332934,1)
(2422156301032734,1)
(6968885997997911,1)
(6337304217412321,1)
(12325646067230222,1)
(5339856398324736,1)
(24374612979130422,1)
(3581411572879967,1)
(3255611522001743,1)
(36242556920730906,1)
(5943810028471483,1)
(6015518809140387,1)
(5331740416903256,1)
(5073628589446093,1)
(554288689765655,1)
(8630802060962479,1)
(15957014739707415,1)
(8440656692485069,1)
(7662605140420389,1)
(8323870811433255,1)
(25698280306131876,1)
(9717595883132236,1)
(029070399120999512,1)
(7776290603685094,1)
(8007635547237833,1)
(023390042403092725,1)
(6735089938620592,1)
(5152782066115293,1)
(5419302243610705,1)
(7137490554312469,1)
(738197457032616,1)
(8684261176825311,1)
(9846068936763284,1)
(6159832529523403,1)
(868061456916277,1)
(5907229981029731,1)
(7428284862832116,1)
(2537807345564703,1)
(20823160724259232,1)
(49034478667077263,1)
(7207097947897927,1)
(1185618314620816,1)
(8883650751517861,1)
(8584557041448806,1)
(2824775504442019,1)
(4606923659980511,1)
(079298005688617,1)
(9537814102141007,1)
(14353598327988,1)
(034627532823580054,1)
(43830115274116515,1)
(9469548497994037,1)
(9236633337732913,1)
(3021837417732777,1)
(6961331677138809,1)
(12484916946526458,1)
(7556591723833692,1)
(6832267451187878,1)
(5834871778055839,1)
(180336759574662,1)
(9782037499315169,1)
(21159850155223525,1)
(7389117426751123,1)
(9154433356554408,1)
(7056067876049126,1)
(5285327970018834,1)
(6738199814909556,1)
(4277235289460552,1)
(2955926203524622,1)
(42587002496531095,1)
(6625608472079179,1)
(4442506976876826,1)
(3896998832800434,1)
(14825373602610597,1)
(3622476782818425,1)
(018868378216744696,1)
(8765773429906916,1)
(4633741572753616,1)
(3050792439116791,1)
(07327077099916967,1)
(17107934516856787,1)
(6875366208483675,1)
(8551357914317053,1)
(9420683319156038,1)
(9979048720982847,1)
(43519581219658715,1)
(315386838199415,1)
(7783088465721859,1)
(141278734311103,1)
(400519630393262,1)
(6196705084088996,1)
(8565167169963384,1)
(8134143778245453,1)
(4191011672289647,1)
(28392295213535656,1)
(30354692821584283,1)
(8210632335394621,1)
(8748610586656897,1)
(413675576371472,1)
(9246150395460988,1)
(8661348074351278,1)
(6487744870339419,1)
(16313336293461283,1)
(9415571068643929,1)
(8954705331207249,1)
(05661470634382293,1)
(2521066922837858,1)
(6345435406335671,1)
(374067014290645,1)
(42955990912658193,1)
(985321136772299,1)
(45785393392112966,1)
(8759837406637453,1)
(7510928756562927,1)
(022168007213111185,1)
(11977081580379728,1)
(17740188745036034,1)
(3054315041089539,1)
(15218245571071054,1)
(9538911893097927,1)
(5614710876709522,1)
(5613415474584626,1)
(40080998048799543,1)
(8982596192954454,1)
(34962113334876876,1)
(8628269304201255,1)
(09766368846776196,1)
(3691729199504175,1)
(45721344864898106,1)
(9560011783729199,1)
(8729685194851402,1)
(7936261856570594,1)
(7335365730294153,1)
(513504352939619,1)
(8749556569869052,1)
(053157886125114184,1)
(9699694513219701,1)
(14884921785296373,1)
(16293980174174943,1)
(6632399895174992,1)
(8399253933012098,1)
(4483839236014332,1)
(8321794278241912,1)
(0999196063718642,1)
(5045062597736972,1)
(5046073089446657,1)
(8124876717391949,1)
(09994811775711948,1)
(0984904762777406,1)
(39689133817768324,1)
(03623880242113142,1)
(7555012797884918,1)
(9336291028457431,1)
(36913497951107743,1)
(008826512438664002,1)
(7975215920396085,1)
(1722274261148556,1)
(6402358495293848,1)
(6166446347783021,1)
(3957786051788643,1)
(6942999657754376,1)
(7633407277008439,1)
(6349494439535697,1)
(2850989529492912,1)
(16703530436884334,1)
(5669875743178632,1)
(9424045845377615,1)
(9912274672957074,1)
(3978551963724469,1)
(003407389196249444,1)
(0629584541305544,1)
(526722512544707,1)
(7126825686049688,1)
(46239527847198963,1)
(15438930712075616,1)
(8451438719973713,1)
(8323819147354324,1)
(1364027356721637,1)
(8588037458789257,1)
(009215630246642625,1)
(4870916178720823,1)
(6724034107009735,1)
(7973507613888955,1)
(2998243274710462,1)
(7690549385324196,1)
(2375059813438105,1)
(3882059387735488,1)
(9625224009216582,1)
(36750700880474857,1)
(002809441663722989,1)
(01346594495592468,1)
(011686467130455124,1)
(6751122956029536,1)
(684311626588866,1)
(08461142593641374,1)
(9014697489903019,1)
(7205896693757785,1)
(6795581045983301,1)
(9471254811124503,1)
(8819714388973636,1)
(1368960501253857,1)
(23417187309485177,1)
(42146840573473493,1)
(062094513615777336,1)
(08975195685052622,1)
(9232552901767569,1)
(8356871569894771,1)
(809903351218842,1)
(9264998906375688,1)
(11147412681020796,1)
(5933882145263694,1)
(8669987239851598,1)
(0573739004841754,1)
(062367896735448514,1)
(3861415702118369,1)
(5802569614181864,1)
(5748736797346781,1)
(18733860100808858,1)
(9229500597879747,1)
(7853172686591178,1)
(2953475808027616,1)
(4480362978891658,1)
(4945149933799586,1)
(9186948749541914,1)
(617601483814676,1)
(9521497243364254,1)
(06698921872225799,1)
(016445495615470484,1)
(5453426198557114,1)
(8893035593803371,1)
(4048412166859567,1)
(41662628700070675,1)
(8848818452597155,1)
(4493569008999592,1)
(9076696891656829,1)
(4238014293859742,1)
(22730950978552067,1)
(608009578258492,1)
(79078541002357,1)
(6219937600929071,1)
(8701055138642153,1)
(23168320809328763,1)
(5190146388670965,1)
(35695068413346953,1)
(47901957670526285,1)
(5933433810308195,1)
(593099249018533,1)
(9225288784615253,1)
(9551793379526463,1)
(8566539477293846,1)
(731032754690224,1)
(9585801599158266,1)
(3951533962081703,1)
(2850984866638936,1)
(6666043236897241,1)
(5742113906383001,1)
(103839318538469,1)
(5536144952626605,1)
(75888530957259,1)
(749179375508175,1)
(5281138964615251,1)
(9589878761334266,1)
(7900981571291314,1)
(6212177421310023,1)
(6992494117243591,1)
(7280534867225659,1)
(9120131747006647,1)
(6228562117411178,1)
(586640063066462,1)
(9612308413059543,1)
(26200588361733096,1)
(9418970274003733,1)
(5158050665769989,1)
(7166906396513426,1)
(7841190474617083,1)
(6639815011844774,1)
(06748014822310527,1)
(7808786336874581,1)
(24784675401313566,1)
(42093058379750103,1)
(6437684319689408,1)
(8940204097116731,1)
(7907324254354835,1)
(5937416135705253,1)
(4783292693736525,1)
(25632929431876566,1)
(9287254988044761,1)
(09968475147132988,1)
(7659576436270682,1)
(7249706317704248,1)
(4432920295385909,1)
(4323851676315283,1)
(8573334583280049,1)
(34600544008074313,1)
(7288131492288186,1)
(9340695952472662,1)
(39901362710012894,1)
(08124309846341993,1)
(40320548674212914,1)
(31800956796155666,1)
(8433764701453033,1)
(6255524046617771,1)
(5849877082487256,1)
(16894226813232466,1)
(8937968129593423,1)
(43173994554970885,1)
(2786290292519127,1)
(11468394638520118,1)
(29902272879824965,1)
(43047844376149263,1)
(8641098076175575,1)
(5229949418610922,1)
(21077914674210274,1)
(3923456923914137,1)
(47226270668924724,1)
(8424213097961968,1)
(865494851765056,1)
(6218199333477491,1)
(4326576600771891,1)
(46760487154678765,1)
(5600718184222362,1)
(8945199791155884,1)
(16331208792893786,1)
(17845383842166862,1)
(2576070720604171,1)
(1643684939980068,1)
(717498760477504,1)
(7669312391093621,1)
(8951612411290941,1)
(9784259957311083,1)
(3665910209283906,1)
(7251542982874506,1)
(8248403977107859,1)
(41780044060382215,1)
(2637433912004729,1)
(8273503776510589,1)
(2972398829838538,1)
(28249788481243865,1)
(5589509205330839,1)
(8438445875638929,1)
(3358573362770177,1)
(31770900617753933,1)
(6186047984837693,1)
(3724642495579046,1)
(17738464776085888,1)
(6305442918485123,1)
(6227625654422192,1)
(34042097900648677,1)
(8058342981550732,1)
(02051694340039717,1)
(47580686543498485,1)
(5262258591354013,1)
(785060833827985,1)
(8218145755818054,1)
(7560629829247136,1)
(7813895492015799,1)
(12088940453928892,1)
(47149117169127674,1)
(8628275566747643,1)
(7665716734829168,1)
(4365680365615977,1)
(00591623729024493,1)
(29240299711943407,1)
(90909025242465,1)
(7608071007780082,1)
(08962426161963166,1)
(24384728888497192,1)
(7391219347585153,1)
(9994708010776947,1)
(9475005147875211,1)
(9203914299084577,1)
(22236193528871328,1)
(9133730674190639,1)
(4817545917771281,1)
(2857911794680036,1)
(5211130972870913,1)
(5229989993704606,1)
(5068523842967496,1)
(11261058654317152,1)
(7237342413792421,1)
(9579442243007996,1)
(8033058947676974,1)
(8347442366143102,1)
(29194980059311265,1)
(8147708564069815,1)
(647339738420298,1)
(17629290369562678,1)
(8509855093304952,1)
(5729326305134977,1)
(989275130312895,1)
(10374906122383337,1)
(8313489093964594,1)
(19720170180263785,1)
(12655876481591344,1)
(878214545099721,1)
(6414020195275749,1)
(5252664416512421,1)
(2908142862713471,1)
(9450781656160982,1)
(36960903807392,1)
(13463577648663238,1)
(9418410914345632,1)
(4802253173401879,1)
(38083611033038184,1)
(08666711260951826,1)
(7437489737730156,1)
(5010239073616191,1)
(39235747573192764,1)
(5749027089835432,1)
(7034546723863615,1)
(02957390027634138,1)
(1709053478525147,1)
(2628058180446185,1)
(6596153705999952,1)
(47672876533764924,1)
(6747965581699283,1)
(36941106171522275,1)
(5522283116422497,1)
(07738572515682962,1)
(020122600272097668,1)
(29480684950439933,1)
(1762801364136628,1)
(0780760385265521,1)
(29038449030508323,1)
(29515617800809485,1)
(7781677726503904,1)
(7597623195379417,1)
(5840610603065073,1)
(19701804785360144,1)
(20990025481822944,1)
(4768800237926924,1)
(2880527594346576,1)
(11497040925169394,1)
(160916261325679,1)
(9007700400227192,1)
(5018444787650456,1)
(6573129214955942,1)
(9774221596673079,1)
(7142484024868855,1)
(8582614651303646,1)
(8518671665469166,1)
(3961009750717097,1)
(6317584696510536,1)
(6376395446935996,1)
(13233288236432555,1)
(7997935232949966,1)
(634795578700845,1)
(1863203921381303,1)
(9700510456414378,1)
(3795244933906661,1)
(5314852081543755,1)
(8191347688582247,1)
(06285529268649953,1)
(6502216359022164,1)
(22039816762192976,1)
(31185495962469134,1)
(22739721175731542,1)
(2723484017556613,1)
(17101989965279662,1)
(7595207499121515,1)
(9616785737782876,1)
(10495570451273744,1)
(568906895083199,1)
(9053059788159534,1)
(1377031555663737,1)
(5790875921019002,1)
(636852210526684,1)
(2842106369873253,1)
(8921536716725198,1)
(045653119352151494,1)
(5935854612505436,1)
(6719533739475849,1)
(732955528534299,1)
(9882745677777048,1)
(29419432595762196,1)
(009034745822256384,1)
(5705565175111412,1)
(6016238858382752,1)
(27368905248957165,1)
(02389930509136845,1)
(5674830448019834,1)
(37283412065678173,1)
(3199036566954856,1)
(14278499787753707,1)
(6228633420866455,1)
(7902727266046369,1)
(5798796230554738,1)
(15974152575444722,1)
(6551173707743345,1)
(40589273952706106,1)
(30985122705859336,1)
(2034466494182986,1)
(4843848794818867,1)
(30400464857236975,1)
(10513723783643619,1)
(45981542802296715,1)
(7354813248137102,1)
(5066960170408953,1)
(7710370307073372,1)
(8331826222793721,1)
(8485257264612082,1)
(4115160967130532,1)
(4130712590473535,1)
(718456094940835,1)
(8727622682013537,1)
(36260870834093794,1)
(3577755017377389,1)
(7868706004806196,1)
(2388359934628299,1)
(5287952810945877,1)
(7119373272496452,1)
(11475772565664605,1)
(9273849644143857,1)
(25310394112221795,1)
(8943079296800596,1)
(40358107064235027,1)
(995224496387496,1)
(7358260696696792,1)
(8866302262757728,1)
(1945160459187809,1)
(33041049396263233,1)
(8228384560247888,1)
(8643589792559019,1)
(8697728618274847,1)
(2496010945804767,1)
(240160491642687,1)
(7497135032929323,1)
(17852731220354934,1)
(7991901177597984,1)
(795321435465973,1)
(5382648909888006,1)
(08030145007152445,1)
(5140884282375603,1)
(380335907077619,1)
(7460154292390712,1)
(2026801924330771,1)
(0856954143501722,1)
(35757505989574584,1)
(36384730025666545,1)
(3561661402329201,1)
(36260929050669616,1)
(5159733119461596,1)
(8809485328484392,1)
(3411528510481515,1)
(6403971226182654,1)
(4412050716111284,1)
(7856492049136712,1)
(3856174699417542,1)
(2197571585721495,1)
(9004098038757672,1)
(29695047108385003,1)
(8129627831440874,1)
(08938999367023775,1)
(8483504756503564,1)
(9754501369597364,1)
(2121834173694166,1)
(6401918234716828,1)
(6843961534150694,1)
(13069699001737484,1)
(04048625729513239,1)
(9663424839073627,1)
(6402527610395164,1)
(6814327434649017,1)
(42750158937997645,1)
(6539763800312182,1)
(9348480035101028,1)
(236949402112119,1)
(21881045327218207,1)
(2253189607482441,1)
(702600424803058,1)
(5210433288315053,1)
(8876385486608922,1)
(177877241307627,1)
(6959112647896974,1)
(4114650527757432,1)
(970451651341689,1)
(7701095780173515,1)
(04905106529955533,1)
(6946629619856839,1)
(7084968862937351,1)
(22374670192004425,1)
(9174899878761787,1)
(9516207646884747,1)
(4119192113996561,1)
(3441400464440634,1)
(5289307875035021,1)
(4303880555301568,1)
(18249418863883704,1)
(4686716061604525,1)
(7012289744028101,1)
(3621178701057252,1)
(7556763506767454,1)
(4212058698555915,1)
(028261903823604162,1)
(23361223109584417,1)
(8735342820183228,1)
(33804058105039525,1)
(7283913250066796,1)
(7497838767753484,1)
(34722907742863357,1)
(9026954824917371,1)
(6446246097010565,1)
(7673949650682958,1)
(7476152620010397,1)
(8506741237781439,1)
(5919490830760252,1)
(8854477200332418,1)
(9516981841951079,1)
(8829978391970166,1)
(01461746984347062,1)
(07594220010824798,1)
(4280363332398966,1)
(1463239876707702,1)
(28330557429227415,1)
(9433221330749562,1)
(7790236569718492,1)
(17732513146265144,1)
(19022223452160608,1)
(5226360018235064,1)
(9428288051227573,1)
(8546915414786205,1)
(9185070059171024,1)
(5630314051334032,1)
(7703367071096152,1)
(7628365345362357,1)
(6121299337529772,1)
(956739689257083,1)
(1844676191085996,1)
(7905977455761498,1)
(51901075693222,1)
(604410546910642,1)
(20889050987578195,1)
(34651254102725265,1)
(5291930925827135,1)
(5582401798658998,1)
(8820876445696504,1)
(256399646382404,1)
(030005999751535117,1)
(723704436237971,1)
(5494727433412101,1)
(6135516865892383,1)
(7401172828277176,1)
(3616399259400253,1)
(5542894299245609,1)
(4563588269544955,1)
(5820800234726766,1)
(9988590869566216,1)
(37057456498404423,1)
(7097966735123744,1)
(6944533489759854,1)
(029345760462857306,1)
(3308545778630174,1)
(900982382374417,1)
(4245903574109054,1)
(2706915141072626,1)
(3579961833466715,1)
(9708714244935048,1)
(7070923888037021,1)
(5282972494761,1)
(2301794582961712,1)
(6715344541086173,1)
(0902643337538912,1)
(8059029998092122,1)
(11717703299003557,1)
(5939017733119137,1)
(7892696218207261,1)
(4743106791737472,1)
(039034554524920495,1)
(11201467041393298,1)
(496033327868694,1)
(3191867494326331,1)
(13833326958701192,1)
(16645657161654331,1)
(5603058044294727,1)
(4902886930438935,1)
(716179521893954,1)
(015464233351851264,1)
(5206415972145144,1)
(060889552981794215,1)
(4396947461374412,1)
(7557535140784233,1)
(9694133423766407,1)
(40826408557281335,1)
(5747290876066977,1)
(01532039495118448,1)
(9367825661851064,1)
(3231010215564178,1)
(14383026780950014,1)
(6968786940635177,1)
(9880624716179662,1)
(13182512630843962,1)
(7487507082516258,1)
(3765484884873956,1)
(5319738916871767,1)
(7354011546271666,1)
(4528807361205426,1)
(04848803803357005,1)
(43549627996917744,1)
(5415098250896473,1)
(365123368455289,1)
(062373520847315456,1)
(2458920505332699,1)
(40066212132611894,1)
(8098267233356107,1)
(10010399034626782,1)
(6828470577309373,1)
(5996138935384039,1)
(2928934533810156,1)
(3486479014595741,1)
(698844992652488,1)
(08869396872830265,1)
(5467429773777928,1)
(7304262373607974,1)
(28710047017652107,1)
(6880658669966941,1)
(2860996672031679,1)
(7047823388987977,1)
(12944399386249528,1)
(17599062914293972,1)
(6367474345718198,1)
(23509356827192646,1)
(7934429572306595,1)
(21413826631330274,1)
(2133024169013097,1)
(15715200705859922,1)
(2844384470527822,1)
(7813027821246219,1)
(4061701076067027,1)
(6621387413182251,1)
(6107109172680515,1)
(2492566416908767,1)
(8647402137833475,1)
(8999127018543684,1)
(2004099120302063,1)
(859488582754601,1)
(41961987914110815,1)
(6906776491061382,1)
(3457024061218905,1)
(33445072154055155,1)
(8315884187283955,1)
(815170811617683,1)
(3576706499382901,1)
(7598643424764072,1)
(1386969257554857,1)
(719250379624626,1)
(945869469993712,1)
(7928536029579968,1)
(2607869948441172,1)
(9888340846177968,1)
(5717863587079289,1)
(8846150374368951,1)
(18115716894166012,1)
(8013310411341896,1)
(14488884054404133,1)
(41112965383251176,1)
(17183717556839728,1)
(8146666184128312,1)
(3834900574922463,1)
(20627719354229657,1)
(8023353283470724,1)
(6153177508301928,1)
(5333060027936165,1)
(5287987571422391,1)
(4110874661340969,1)
(9097516432743482,1)
(6352436603381097,1)
(8670439717327411,1)
(5837386704001617,1)
(575903303811405,1)
(8599770221854197,1)
(6129629532029723,1)
(6305229684144614,1)
(03910129056803546,1)
(5648492362783373,1)
(13618868354497388,1)
(06608890000104123,1)
(008416682757576288,1)
(4670030619680483,1)
(20371921843381868,1)
(02163293354880713,1)
(35644301596960465,1)
(11447243165388587,1)
(7060455752336783,1)
(47400451848760017,1)
(5028737953059696,1)
(7831561394435977,1)
(1236129646649719,1)
(05514456913307758,1)
(8722917509477709,1)
(9061198285975438,1)
(22830950865083094,1)
(8142504432487839,1)
(37773804884857576,1)
(4673505391280754,1)
(9951253738436414,1)
(5784899126226768,1)
(18816106839841484,1)
(3894502505943058,1)
(1107620848058587,1)
(6112371258632284,1)
(6391646537120443,1)
(7416917005943464,1)
(06864293424517476,1)
(25207531102388625,1)
(6241993446271519,1)
(8644026380554622,1)
(8535926220473738,1)
(18652682209191235,1)
(7870340133033409,1)
(39110204474448556,1)
(978808455397778,1)
(3723303122990747,1)
(9066017338504827,1)
(0802411676007182,1)
(6251007210584123,1)
(5475064649134003,1)
(9826164143976486,1)
(8673116250851618,1)
(09048801952083574,1)
(8918065863155049,1)
(42619276509845016,1)
(7440539392052661,1)
(42359447037993103,1)
(6209938673786619,1)
(752286246788733,1)
(09686855261000249,1)
(29156738699148143,1)
(21485031978891267,1)
(8759264341106845,1)
(8282940696292613,1)
(7652318529320863,1)
(08223806955226764,1)
(685694611144981,1)
(24708242969294097,1)
(5984143528347841,1)
(10745426993876095,1)
(42202407992983043,1)
(8973343809103658,1)
(19622740693753843,1)
(3987787701904354,1)
(3280769450426004,1)
(601001782616102,1)
(6794374488676813,1)
(14453026777376382,1)
(49243057834638987,1)
(19105837123613462,1)
(9206691818802253,1)
(1353046337544913,1)
(07555225567230006,1)
(3268433588983406,1)
(8602359419321807,1)
(5654394444525392,1)
(41723313079871965,1)
(7895748340990853,1)
(8199010234987181,1)
(8047036079629263,1)
(2251229721852227,1)
(06632388743169187,1)
(8360058588008317,1)
(5015164458873147,1)
(6537978688177299,1)
(8266724006609578,1)
(7990490742259642,1)
(36091148454951255,1)
(9087696956595801,1)
(3202589870007965,1)
(9250954959609813,1)
(8602189219733494,1)
(48841696596461364,1)
(7091550871426546,1)
(6007255271167418,1)
(9345404234281394,1)
(8559404168157558,1)
(9933748327467378,1)
(5486644615231437,1)
(871492096770589,1)
(36472657110602086,1)
(9630442210336663,1)
(12061327613035438,1)
(6528760554643957,1)
(029798153100553226,1)
(8822659671639365,1)
(1540002577998652,1)
(9334756268264527,1)
(9602556320633306,1)
(14130930299333993,1)
(5927427110565185,1)
(057037312089210035,1)
(8480586467887667,1)
(030028118435188156,1)
(10647256786585712,1)
(20065982767039386,1)
(8830812778613037,1)
(6968186628906957,1)
(9679585387833901,1)
(06462328737926343,1)
(2784225925951898,1)
(6472509219928579,1)
(6784127034259114,1)
(5058815658763909,1)
(4827253101849374,1)
(16577446690649494,1)
(49970042621415994,1)
(5338706467820152,1)
(4131772211529649,1)
(07719383371020405,1)
(7449600797705532,1)
(6370107645347927,1)
(1929258722274459,1)
(5057827905015235,1)
(18490441562060278,1)
(6475321238234829,1)
(9005551811627129,1)
(2815773110746538,1)
(7011052296174098,1)
(42181233539213364,1)
(943272302061533,1)
(0742633096964812,1)
(6143674607630731,1)
(6027690407138821,1)
(9635836273512044,1)
(21648279753926525,1)
(20277024711072578,1)
(038664715145430795,1)
(7625812644465929,1)
(9806321187285742,1)
(25040231758380826,1)
(6042075363165482,1)
(8395876510261671,1)
(6411928031527406,1)
(5547301037817578,1)
(5031265804125717,1)
(31070475639185857,1)
(37922232210660045,1)
(9088542029764657,1)
(8730348769059528,1)
(7038315953124614,1)
(5912251643753921,1)
(27695667163508647,1)
(908603763701386,1)
(5820644259605159,1)
(9771277222318213,1)
(9050505796925983,1)
(8000102297070029,1)
(5452914658627415,1)
(34701981693863815,1)
(17184947008301432,1)
(44048723829420094,1)
(37871133313750144,1)
(8569934260368088,1)
(5410374263010873,1)
(6648800704296522,1)
(438325498362302,1)
(2210871691604907,1)
(7774322961061915,1)
(23518884045212757,1)
(1818956442683774,1)
(7127941577571346,1)
(6530621859333185,1)
(047011062628323774,1)
(9936976829542192,1)
(48369875379042304,1)
(1267823625244392,1)
(026918246360018938,1)
(8193263159451503,1)
(6498822478255364,1)
(4940745701317998,1)
(7807973171878313,1)
(2097820678420652,1)
(2564402522179966,1)
(08520999273080881,1)
(06593924578463439,1)
(42197425537214633,1)
(32734634618964137,1)
(9093550405088998,1)
(12773784594854026,1)
(5658305147651619,1)
(8644468446929077,1)
(24495790346944785,1)
(7641215958487928,1)
(16620813672944867,1)
(7022630180194643,1)
(055856284968844816,1)
(5258070724302636,1)
(8660049267777297,1)
(2506711252164888,1)
(16487162055459814,1)
(005200431948572948,1)
(43400507749502437,1)
(9636403610828181,1)
(3514095741831975,1)
(32417494074005176,1)
(5609804911139008,1)
(7361645946173657,1)
(5226278822874049,1)
(3983972200965693,1)
(3669622782253944,1)
(052293792038185516,1)
(15453260097871413,1)
(7419056712830061,1)
(3224963450888188,1)
(5642120467379728,1)
(6572644542541992,1)
(7188335632832402,1)
(8143154448245975,1)
(0672551965167395,1)
(31839585689652966,1)
(04043836896082015,1)
(5864330653450922,1)
(01562831605959375,1)
(4751248299537605,1)
(8267879281619588,1)
(905118066031513,1)
(21230046707696404,1)
(6037488591826252,1)
(06712724937022296,1)
(1436558846133335,1)
(0946514550821515,1)
(7100206235161539,1)
(7365131019141238,1)
(9414386922563163,1)
(35065635837886216,1)
(8307960050089298,1)
(21313295042188263,1)
(8492197109766175,1)
(21814654320513527,1)
(4604115566629622,1)
(6047835087559995,1)
(050900421006328966,1)
(6474378575119759,1)
(43080219994871455,1)
(9528569467111967,1)
(1366210712143261,1)
(765684524454828,1)
(7886256561336217,1)
(30707037675913284,1)
(4644328333569405,1)
(45132410039041864,1)
(3698557958382167,1)
(5730765021356274,1)
(9694353875901582,1)
(84885018947332,1)
(5128686165264829,1)
(7496401425132597,1)
(422935192104023,1)
(21500458704649417,1)
(353815921301797,1)
(07039897235076342,1)
(05581868419987018,1)
(448958384101459,1)
(07966231190886053,1)
(7020045416611755,1)
(15375816357715088,1)
(9407819679644126,1)
(9886772711441991,1)
(16908966176078466,1)
(9398696812052275,1)
(2978901611207716,1)
(23934055561638162,1)
(7365017769899482,1)
(4163148279659952,1)
(21961621110501411,1)
(4232879813102528,1)
(23476903464278792,1)
(022812640803263007,1)
(5088718673903975,1)
(19845788932832592,1)
(6829786982905878,1)
(1571499093142512,1)
(3982811006411702,1)
(7133811826712284,1)
(8493236345677031,1)
(2425947820361573,1)
(6357752259570137,1)
(12460961348384203,1)
(9854385992854566,1)
(048388286833918825,1)
(31210338747582933,1)
(8576755714865603,1)
(4897949172820859,1)
(3949828035015059,1)
(647851920105442,1)
(25462345177989243,1)
(938623447676045,1)
(3234362720329676,1)
(6439147677011017,1)
(4215003690836539,1)
(6279250261442508,1)
(07415544590271,1)
(9517687608555059,1)
(5503126299545455,1)
(41226017114819296,1)
(8847408008095812,1)
(28784483670104055,1)
(12113569919842909,1)
(7114985978728157,1)
(4446692150250874,1)
(7672242779303093,1)
(11961977712511734,1)
(16205242082728005,1)
(3916422093002063,1)
(7141694562924774,1)
(7467791090819464,1)
(2173473636714952,1)
(9907421756148914,1)
(508106156634581,1)
(23009557467388686,1)
(31817566803293934,1)
(4303772507671194,1)
(3447799151879247,1)
(12338919439844931,1)
(9442378736237087,1)
(5943476036255678,1)
(42698156976831203,1)
(5766305303303874,1)
(8792751725476706,1)
(8457424355132825,1)
(653089425809924,1)
(2199783436347869,1)
(29216793320058165,1)
(8849299027450186,1)
(8442457450869192,1)
(09209959585031263,1)
(050935693118878966,1)
(8025122775294253,1)
(7699433170080014,1)
(3650819410083231,1)
(23655158345487553,1)
(5558856813608173,1)
(14755837602354727,1)
(9129470975183839,1)
(8321947989168406,1)
(706938656515774,1)
(11337432496377187,1)
(9445639192706102,1)
(7144893846526287,1)
(7656276616374016,1)
(002764577843522964,1)
(8483672235848579,1)
(0311888778064921,1)
(1226745903428561,1)
(8008501947443861,1)
(4202852587148526,1)
(7057021352447207,1)
(4726286489106053,1)
(27186739933857923,1)
(28221537495446164,1)
(008574337556560896,1)
(4903570773448636,1)
(1168114388046761,1)
(7272086211238713,1)
(7016112283076155,1)
(008193430273625956,1)
(24522276601551973,1)
(7620907449649713,1)
(5361199365751368,1)
(04306173710537653,1)
(6603702864484546,1)
(12100424146036581,1)
(5470483696549591,1)
(34335069982732746,1)
(6648945864195548,1)
(2701863778527028,1)
(6541276149964306,1)
(3476451404462403,1)
(4213418157227065,1)
(8945374724141195,1)
(6993658669763627,1)
(5683612259796484,1)
(6463184546689067,1)
(3432163096099464,1)
(39470067958335625,1)
(9705131250328223,1)
(5990929566002173,1)
(28907505120909504,1)
(736120410976427,1)
(49887006692083985,1)
(9325001018798985,1)
(21850489822359298,1)
(6478068520431965,1)
(670171053022463,1)
(9133500371925123,1)
(4791251525990476,1)
(3483563431608544,1)
(014187331940138048,1)
(991158654757955,1)
(6868505740973322,1)
(0015785780069203503,1)
(5211513144285813,1)
(2401603895393778,1)
(4153467339770258,1)
(7921608733331507,1)
(5986375765642483,1)
(2188851650216319,1)
(10236517303750142,1)
(37229137556162073,1)
(2342593187087721,1)
(9813140212873561,1)
(09972295293011074,1)
(3892155944255798,1)
(4417165120086434,1)
(900572048846531,1)
(7119079929157601,1)
(05783909369072093,1)
(3106889044736745,1)
(7265029958718863,1)
(1761137188862043,1)
(7388926600086416,1)
(6063120916261244,1)
(2266338113495419,1)
(9887675451131582,1)
(9947070237064871,1)
(4625564293841524,1)
